Training data:
                  precision    recall  f1-score   support

Chinh tri Xa hoi       0.88      0.92      0.90      5219
        Doi song       0.91      0.92      0.91      3159
        Khoa hoc       0.94      0.86      0.90      1820
      Kinh doanh       0.94      0.92      0.93      2552
       Phap luat       0.96      0.93      0.95      3868
        Suc khoe       0.93      0.96      0.95      3384
        The gioi       0.97      0.94      0.95      2898
        The thao       0.99      0.99      0.99      5298
         Van hoa       0.96      0.95      0.96      3080
         Vi tinh       0.95      0.97      0.96      2481

       micro avg       0.94      0.94      0.94     33759
       macro avg       0.94      0.94      0.94     33759
    weighted avg       0.94      0.94      0.94     33759
[[4796,  96,  12,  78, 101,  74,  15,   4,  26,  17],
 [  84,2902,  20,  17,  11,  44,   7,  18,  41,  15],
 [  55,  71,1570,   5,   1,  66,  10,   4,  18,  20],
 [ 115,  11,   4,2348,  14,   3,  18,   2,   1,  36],
 [ 192,  10,   2,  19,3614,  11,   3,   6,   6,   5],
 [  36,  27,  32,   3,   0,3265,  10,   4,   3,   4],
 [  50,  23,  15,  20,  13,  33,2717,   2,  12,  13],
 [  15,   4,   1,   0,  16,   7,  15,5229,   9,   2],
 [  60,  48,   4,   1,   3,   3,  10,   8,2940,   3],
 [  32,   4,   7,  17,   4,   2,   9,   3,   7,2396]]

Testing data:
                  precision    recall  f1-score   support

Chinh tri Xa hoi       0.83      0.92      0.87      7567
        Doi song       0.77      0.72      0.74      2036
        Khoa hoc       0.89      0.72      0.80      2096
      Kinh doanh       0.94      0.87      0.90      5276
       Phap luat       0.90      0.91      0.91      3788
        Suc khoe       0.91      0.96      0.94      5417
        The gioi       0.96      0.91      0.94      6716
        The thao       0.98      0.98      0.98      6667
         Van hoa       0.94      0.95      0.94      6250
         Vi tinh       0.93      0.95      0.94      4560

       micro avg       0.92      0.92      0.92     50373
       macro avg       0.91      0.89      0.90     50373
    weighted avg       0.92      0.92      0.91     50373
[[6948,  62,  29,  78, 164, 140,  29,  19,  62,  36],
 [ 163,1465,  25,  22,  32,  84,  22,  16, 176,  31],
 [ 147, 153,1508,  24,   2, 137,  39,   9,  33,  44],
 [ 371,  20,   9,4579,  52,  12,  60,   8,  14, 151],
 [ 226,  11,   0,  35,3448,  20,   6,  18,  12,  12],
 [  59,  48,  50,  15,   6,5189,  29,   7,   4,  10],
 [ 183,  70,  37,  62,  67,  58,6142,  17,  49,  31],
 [  29,   6,   3,   3,  27,  10,  20,6540,  26,   3],
 [ 130,  71,  13,  11,  21,  20,  30,  19,5926,   9],
 [  65,   7,  22,  35,  12,   7,  26,  15,  20,4351]]

Whole data:
                  precision    recall  f1-score   support

Chinh tri Xa hoi       0.85      0.92      0.88     12786
        Doi song       0.85      0.84      0.85      5195
        Khoa hoc       0.92      0.79      0.85      3916
      Kinh doanh       0.94      0.88      0.91      7828
       Phap luat       0.93      0.92      0.93      7656
        Suc khoe       0.92      0.96      0.94      8801
        The gioi       0.96      0.92      0.94      9614
        The thao       0.99      0.98      0.98     11965
         Van hoa       0.94      0.95      0.95      9330
         Vi tinh       0.94      0.96      0.95      7041

       micro avg       0.93      0.93      0.93     84132
       macro avg       0.92      0.91      0.92     84132
    weighted avg       0.93      0.93      0.93     84132
[[11744,  158,   41,  156,  265,  214,   44,   23,   88,   53],
 [  247, 4367,   45,   39,   43,  128,   29,   34,  217,   46],
 [  202,  224, 3078,   29,    3,  203,   49,   13,   51,   64],
 [  486,   31,   13, 6927,   66,   15,   78,   10,   15,  187],
 [  418,   21,    2,   54, 7062,   31,    9,   24,   18,   17],
 [   95,   75,   82,   18,    6, 8454,   39,   11,    7,   14],
 [  233,   93,   52,   82,   80,   91, 8859,   19,   61,   44],
 [   44,   10,    4,    3,   43,   17,   35,11769,   35,    5],
 [  190,  119,   17,   12,   24,   23,   40,   27, 8866,   12],
 [   97,   11,   29,   52,   16,    9,   35,   18,   27, 6747]]