Training data:
                    precision    recall  f1-score   support

         chinh-tri       0.85      0.72      0.78      2382
         cong-nghe       0.93      0.92      0.93      2389
          doi-song       0.78      0.72      0.75      2406
           du-lich       0.85      0.90      0.87      2394
          giai-tri       0.88      0.90      0.89      2401
          giao-duc       0.89      0.90      0.89      2412
          khoa-hoc       0.87      0.88      0.88      2434
        kinh-doanh       0.90      0.86      0.88      2415
       o-to-xe-may       0.95      0.95      0.95      2402
         phap-luat       0.93      0.92      0.93      2413
quan-su-quoc-phong       0.68      0.93      0.79      2387
          suc-khoe       0.85      0.88      0.86      2381
          the-gioi       0.87      0.79      0.83      2397
          the-thao       0.96      0.97      0.96      2393
           van-hoa       0.85      0.85      0.85      2409
            xa-hoi       0.81      0.72      0.76      2385

         micro avg       0.86      0.86      0.86     38400
         macro avg       0.87      0.86      0.86     38400
      weighted avg       0.87      0.86      0.86     38400
[[1716,   2,   4,   2,   5,  14,   5,  25,   0,  28, 446,   3,  16,   2,
    54,  60],
 [   9,2198,   5,   8,   4,  11,  43,  47,  10,   5,   5,   5,  15,   7,
    11,   6],
 [  12,   5,1724, 137,  13,  25,  32,  18,  16,  12, 113, 177,  15,  21,
    28,  58],
 [   4,   1,  39,2162,  17,   3,  39,  12,   6,   5,   6,   2,  23,  18,
    44,  13],
 [   0,   0,  47,   9,2154,   5,  11,   4,   1,   4,   7,  13,  11,   7,
   128,   0],
 [  11,  17,  56,  18,   5,2171,  29,   8,   2,   9,   9,   7,   7,   4,
    21,  38],
 [   4,  23,  58,  19,   7,  21,2151,   9,  24,   0,  20,  55,  20,   9,
     5,   9],
 [  27,  71,  53,  47,   8,   8,  17,2080,  16,  12,   6,   9,  26,   5,
     3,  27],
 [   2,   8,  15,   8,  12,   1,   9,  17,2284,   3,  17,   1,   6,   4,
     2,  13],
 [  29,   3,  15,   3,   4,  14,   1,  28,  10,2223,  10,   9,   9,   1,
     3,  51],
 [  41,   3,   3,   1,   0,   0,   8,   0,   3,   2,2220,   1,  87,   3,
     1,  14],
 [   3,   9,  67,   8,  10,  15,  45,   5,   0,  11,  21,2095,  12,   9,
     2,  69],
 [  44,  12,  45,  46,  30,  22,  39,  31,  11,   8, 176,  18,1882,  10,
     8,  15],
 [   0,   1,   6,   3,  14,   2,   1,   0,   3,   2,  11,   3,  13,2321,
     4,   9],
 [  24,   3,  53,  55, 151,  21,  19,   6,   2,   3,   5,   4,   7,   3,
  2036,  17],
 [  92,   5,  14,  32,   1, 113,  11,  28,   9,  61, 193,  61,   6,   5,
    39,1715]]



Testing data:
                    precision    recall  f1-score   support

         chinh-tri       0.80      0.67      0.73       618
         cong-nghe       0.90      0.89      0.89       611
          doi-song       0.61      0.60      0.61       594
           du-lich       0.80      0.85      0.82       606
          giai-tri       0.86      0.85      0.85       599
          giao-duc       0.87      0.85      0.86       588
          khoa-hoc       0.80      0.81      0.80       566
        kinh-doanh       0.84      0.79      0.81       585
       o-to-xe-may       0.93      0.92      0.93       598
         phap-luat       0.91      0.88      0.89       587
quan-su-quoc-phong       0.63      0.90      0.74       613
          suc-khoe       0.79      0.83      0.81       619
          the-gioi       0.80      0.71      0.75       603
          the-thao       0.96      0.95      0.95       607
           van-hoa       0.77      0.76      0.77       591
            xa-hoi       0.71      0.64      0.67       615

         micro avg       0.81      0.81      0.81      9600
         macro avg       0.81      0.81      0.81      9600
      weighted avg       0.81      0.81      0.81      9600
[[413,  1,  0,  1,  0,  4,  0,  9,  0,  7,122,  1,  8,  0, 21, 31],
 [  3,543,  1,  1,  1,  5, 13, 19,  6,  3,  3,  2,  3,  2,  4,  2],
 [  4,  2,357, 44,  7,  8, 19, 14,  8,  8, 32, 56,  4,  2, 10, 19],
 [  2,  1, 22,513,  5,  2, 10,  2,  1,  0,  4,  4, 10,  6, 21,  3],
 [  1,  1, 17,  6,509,  0,  2,  1,  0,  1,  5, 10,  3,  2, 40,  1],
 [  1,  3, 30,  4,  4,502, 10,  2,  0,  5,  1,  4,  2,  0,  7, 13],
 [  2, 14, 26,  6,  2,  6,456,  5,  4,  0, 10, 19, 12,  1,  1,  2],
 [ 17, 26, 13, 14,  1,  4,  4,463,  2,  4,  2,  3, 15,  3,  2, 12],
 [  0,  4,  7,  6,  3,  0,  4,  5,552,  0,  6,  0,  1,  0,  0, 10],
 [  9,  0, 11,  1,  0,  4,  2, 11,  5,515,  4,  2,  1,  1,  1, 20],
 [ 16,  3,  1,  0,  0,  0,  2,  1,  1,  0,550,  1, 30,  0,  0,  8],
 [  1,  1, 39,  2,  1,  4, 12,  0,  0,  3,  8,514,  4,  2,  2, 26],
 [  7,  2, 18, 17,  6,  6, 24,  7,  1,  4, 60,  9,427,  4,  4,  7],
 [  0,  0,  0,  1,  2,  1,  2,  0,  2,  0,  8,  1,  7,578,  5,  0],
 [ 10,  3, 24, 19, 52,  2,  7,  1,  1,  3,  3,  1,  4,  4,449,  8],
 [ 33,  2, 17, 10,  0, 30,  4, 13,  8, 15, 52, 23,  4,  0, 13,391]]



Whole data:
                    precision    recall  f1-score   support

         chinh-tri       0.84      0.71      0.77      3000
         cong-nghe       0.92      0.91      0.92      3000
          doi-song       0.75      0.69      0.72      3000
           du-lich       0.84      0.89      0.86      3000
          giai-tri       0.88      0.89      0.88      3000
          giao-duc       0.88      0.89      0.89      3000
          khoa-hoc       0.86      0.87      0.86      3000
        kinh-doanh       0.89      0.85      0.87      3000
       o-to-xe-may       0.95      0.95      0.95      3000
         phap-luat       0.93      0.91      0.92      3000
quan-su-quoc-phong       0.67      0.92      0.78      3000
          suc-khoe       0.84      0.87      0.85      3000
          the-gioi       0.86      0.77      0.81      3000
          the-thao       0.96      0.97      0.96      3000
           van-hoa       0.84      0.83      0.83      3000
            xa-hoi       0.79      0.70      0.74      3000

         micro avg       0.85      0.85      0.85     48000
         macro avg       0.85      0.85      0.85     48000
      weighted avg       0.85      0.85      0.85     48000
[[2129,   3,   4,   3,   5,  18,   5,  34,   0,  35, 568,   4,  24,   2,
    75,  91],
 [  12,2741,   6,   9,   5,  16,  56,  66,  16,   8,   8,   7,  18,   9,
    15,   8],
 [  16,   7,2081, 181,  20,  33,  51,  32,  24,  20, 145, 233,  19,  23,
    38,  77],
 [   6,   2,  61,2675,  22,   5,  49,  14,   7,   5,  10,   6,  33,  24,
    65,  16],
 [   1,   1,  64,  15,2663,   5,  13,   5,   1,   5,  12,  23,  14,   9,
   168,   1],
 [  12,  20,  86,  22,   9,2673,  39,  10,   2,  14,  10,  11,   9,   4,
    28,  51],
 [   6,  37,  84,  25,   9,  27,2607,  14,  28,   0,  30,  74,  32,  10,
     6,  11],
 [  44,  97,  66,  61,   9,  12,  21,2543,  18,  16,   8,  12,  41,   8,
     5,  39],
 [   2,  12,  22,  14,  15,   1,  13,  22,2836,   3,  23,   1,   7,   4,
     2,  23],
 [  38,   3,  26,   4,   4,  18,   3,  39,  15,2738,  14,  11,  10,   2,
     4,  71],
 [  57,   6,   4,   1,   0,   0,  10,   1,   4,   2,2770,   2, 117,   3,
     1,  22],
 [   4,  10, 106,  10,  11,  19,  57,   5,   0,  14,  29,2609,  16,  11,
     4,  95],
 [  51,  14,  63,  63,  36,  28,  63,  38,  12,  12, 236,  27,2309,  14,
    12,  22],
 [   0,   1,   6,   4,  16,   3,   3,   0,   5,   2,  19,   4,  20,2899,
     9,   9],
 [  34,   6,  77,  74, 203,  23,  26,   7,   3,   6,   8,   5,  11,   7,
  2485,  25],
 [ 125,   7,  31,  42,   1, 143,  15,  41,  17,  76, 245,  84,  10,   5,
    52,2106]]