Training data:
                    precision    recall  f1-score   support

         chinh-tri       0.82      0.70      0.76      2382
         cong-nghe       0.93      0.91      0.92      2389
          doi-song       0.76      0.66      0.71      2406
           du-lich       0.82      0.87      0.84      2394
          giai-tri       0.87      0.89      0.88      2401
          giao-duc       0.87      0.88      0.88      2412
          khoa-hoc       0.85      0.86      0.86      2434
        kinh-doanh       0.86      0.85      0.86      2415
       o-to-xe-may       0.92      0.96      0.94      2402
         phap-luat       0.91      0.91      0.91      2413
quan-su-quoc-phong       0.68      0.90      0.77      2387
          suc-khoe       0.83      0.87      0.85      2381
          the-gioi       0.85      0.76      0.80      2397
          the-thao       0.96      0.97      0.97      2393
           van-hoa       0.81      0.81      0.81      2409
            xa-hoi       0.79      0.67      0.72      2385

         micro avg       0.84      0.84      0.84     38400
         macro avg       0.84      0.84      0.84     38400
      weighted avg       0.84      0.84      0.84     38400
[[1678,   2,   8,   4,   4,  20,   4,  30,   1,  31, 454,   5,  11,   3,
    59,  68],
 [  11,2183,   7,   9,   3,  12,  47,  54,  13,   4,   4,   7,  15,   6,
     9,   5],
 [   8,  10,1594, 158,  27,  37,  53,  30,  20,  21, 110, 186,  23,  20,
    45,  64],
 [   5,   1,  39,2082,  24,   2,  66,  20,  12,   6,   6,   8,  26,  19,
    62,  16],
 [   0,   3,  50,  11,2127,   3,  12,   4,   2,   6,   1,  11,   8,   3,
   158,   2],
 [  23,  14,  53,  22,  14,2134,  32,   8,   4,  14,   8,   9,   7,   5,
    25,  40],
 [   7,  13,  50,  19,  11,  27,2098,  20,  41,   3,  13,  74,  34,   5,
    12,   7],
 [  23,  71,  56,  50,  10,  10,  20,2051,  26,  20,   3,  10,  29,   4,
     5,  27],
 [   3,   2,  12,  11,   4,   2,   6,  13,2300,   8,  18,   2,   6,   5,
     2,   8],
 [  34,   5,  16,   5,   4,  15,   2,  37,  19,2195,   6,  13,  11,   1,
     7,  43],
 [  67,   4,   1,   1,   1,   0,   7,   3,   8,   1,2154,   1, 111,   3,
     4,  21],
 [   9,   8,  73,  11,   9,  14,  36,  10,   2,  13,  17,2077,  13,   7,
     4,  78],
 [  44,  11,  41,  47,  36,  23,  49,  41,  14,  18, 184,  20,1832,   9,
    11,  17],
 [   2,   2,   5,   3,   7,   2,   0,   1,   5,   3,   7,   2,   9,2330,
     6,   9],
 [  35,   8,  59,  73, 172,  29,  19,   7,   6,   5,   0,  10,  11,   4,
  1952,  19],
 [ 105,   5,  29,  42,   2, 135,  15,  45,  22,  69, 189,  81,   9,   4,
    46,1587]]



Testing data:
                    precision    recall  f1-score   support

         chinh-tri       0.78      0.66      0.72       618
         cong-nghe       0.90      0.89      0.89       611
          doi-song       0.67      0.59      0.62       594
           du-lich       0.79      0.81      0.80       606
          giai-tri       0.83      0.84      0.83       599
          giao-duc       0.86      0.86      0.86       588
          khoa-hoc       0.78      0.80      0.79       566
        kinh-doanh       0.83      0.80      0.81       585
       o-to-xe-may       0.90      0.93      0.92       598
         phap-luat       0.88      0.88      0.88       587
quan-su-quoc-phong       0.65      0.88      0.75       613
          suc-khoe       0.78      0.85      0.81       619
          the-gioi       0.77      0.69      0.72       603
          the-thao       0.95      0.96      0.96       607
           van-hoa       0.76      0.76      0.76       591
            xa-hoi       0.73      0.63      0.67       615

         micro avg       0.80      0.80      0.80      9600
         macro avg       0.80      0.80      0.80      9600
      weighted avg       0.80      0.80      0.80      9600
[[410,  2,  0,  1,  0,  4,  0, 10,  0, 13,121,  2,  4,  0, 21, 30],
 [  2,544,  1,  1,  1,  4, 15, 17,  6,  3,  2,  3,  6,  1,  4,  1],
 [  5,  0,348, 41, 12,  9, 19, 14, 10,  9, 28, 56,  8,  3, 12, 20],
 [  3,  1, 21,493,  8,  3, 18,  3,  1,  2,  4,  3, 12,  7, 19,  8],
 [  0,  0, 14, 10,505,  0,  1,  2,  1,  1,  2,  9,  6,  3, 45,  0],
 [  4,  2, 18,  4,  7,506,  8,  2,  4,  5,  2,  7,  2,  2,  7,  8],
 [  3, 13, 19,  7,  2, 10,450,  5, 10,  1,  6, 20, 11,  2,  6,  1],
 [ 14, 25,  7, 11,  2,  4,  4,466,  4,  6,  3,  3, 21,  2,  2, 11],
 [  0,  2,  4,  4,  3,  0,  2,  6,558,  2,  5,  0,  5,  1,  0,  6],
 [  9,  3,  6,  2,  2,  3,  2,  9,  7,517,  3,  3,  3,  1,  0, 17],
 [ 25,  2,  1,  0,  0,  0,  1,  0,  4,  0,542,  0, 32,  0,  0,  6],
 [  0,  4, 26,  1,  2,  3, 15,  1,  0,  3,  4,524,  7,  3,  3, 23],
 [  8,  3, 15, 18, 13,  6, 30,  9,  3,  4, 55, 12,414,  3,  3,  7],
 [  1,  0,  2,  1,  3,  1,  1,  0,  2,  0,  4,  0,  4,584,  4,  0],
 [ 10,  2, 24, 21, 52,  4,  7,  0,  2,  4,  0,  2,  4,  4,448,  7],
 [ 30,  3, 16, 12,  0, 29,  5, 18,  8, 16, 50, 26,  1,  0, 15,386]]



Whole data:
                    precision    recall  f1-score   support

         chinh-tri       0.81      0.70      0.75      3000
         cong-nghe       0.93      0.91      0.92      3000
          doi-song       0.74      0.65      0.69      3000
           du-lich       0.81      0.86      0.83      3000
          giai-tri       0.86      0.88      0.87      3000
          giao-duc       0.87      0.88      0.87      3000
          khoa-hoc       0.84      0.85      0.84      3000
        kinh-doanh       0.86      0.84      0.85      3000
       o-to-xe-may       0.92      0.95      0.93      3000
         phap-luat       0.90      0.90      0.90      3000
quan-su-quoc-phong       0.67      0.90      0.77      3000
          suc-khoe       0.82      0.87      0.84      3000
          the-gioi       0.83      0.75      0.79      3000
          the-thao       0.96      0.97      0.96      3000
           van-hoa       0.80      0.80      0.80      3000
            xa-hoi       0.78      0.66      0.71      3000

         micro avg       0.83      0.83      0.83     48000
         macro avg       0.84      0.83      0.83     48000
      weighted avg       0.84      0.83      0.83     48000
[[2088,   4,   8,   5,   4,  24,   4,  40,   1,  44, 575,   7,  15,   3,
    80,  98],
 [  13,2727,   8,  10,   4,  16,  62,  71,  19,   7,   6,  10,  21,   7,
    13,   6],
 [  13,  10,1942, 199,  39,  46,  72,  44,  30,  30, 138, 242,  31,  23,
    57,  84],
 [   8,   2,  60,2575,  32,   5,  84,  23,  13,   8,  10,  11,  38,  26,
    81,  24],
 [   0,   3,  64,  21,2632,   3,  13,   6,   3,   7,   3,  20,  14,   6,
   203,   2],
 [  27,  16,  71,  26,  21,2640,  40,  10,   8,  19,  10,  16,   9,   7,
    32,  48],
 [  10,  26,  69,  26,  13,  37,2548,  25,  51,   4,  19,  94,  45,   7,
    18,   8],
 [  37,  96,  63,  61,  12,  14,  24,2517,  30,  26,   6,  13,  50,   6,
     7,  38],
 [   3,   4,  16,  15,   7,   2,   8,  19,2858,  10,  23,   2,  11,   6,
     2,  14],
 [  43,   8,  22,   7,   6,  18,   4,  46,  26,2712,   9,  16,  14,   2,
     7,  60],
 [  92,   6,   2,   1,   1,   0,   8,   3,  12,   1,2696,   1, 143,   3,
     4,  27],
 [   9,  12,  99,  12,  11,  17,  51,  11,   2,  16,  21,2601,  20,  10,
     7, 101],
 [  52,  14,  56,  65,  49,  29,  79,  50,  17,  22, 239,  32,2246,  12,
    14,  24],
 [   3,   2,   7,   4,  10,   3,   1,   1,   7,   3,  11,   2,  13,2914,
    10,   9],
 [  45,  10,  83,  94, 224,  33,  26,   7,   8,   9,   0,  12,  15,   8,
  2400,  26],
 [ 135,   8,  45,  54,   2, 164,  20,  63,  30,  85, 239, 107,  10,   4,
    61,1973]]