Training data:
                    precision    recall  f1-score   support

         chinh-tri       0.90      0.76      0.82      2382
         cong-nghe       0.97      0.97      0.97      2389
          doi-song       0.91      0.79      0.84      2406
           du-lich       0.91      0.94      0.93      2394
          giai-tri       0.96      0.95      0.96      2401
          giao-duc       0.93      0.95      0.94      2412
          khoa-hoc       0.94      0.94      0.94      2434
        kinh-doanh       0.94      0.93      0.94      2415
       o-to-xe-may       0.98      0.98      0.98      2402
         phap-luat       0.96      0.95      0.96      2413
quan-su-quoc-phong       0.73      0.97      0.83      2387
          suc-khoe       0.89      0.93      0.91      2381
          the-gioi       0.95      0.91      0.93      2397
          the-thao       0.99      0.99      0.99      2393
           van-hoa       0.91      0.94      0.92      2409
            xa-hoi       0.88      0.78      0.83      2385

         micro avg       0.92      0.92      0.92     38400
         macro avg       0.92      0.92      0.92     38400
      weighted avg       0.92      0.92      0.92     38400
[[1802,   3,   2,   2,   1,  14,   2,  15,   0,  13, 433,   3,   6,   1,
    42,  43],
 [   3,2317,   2,   2,   0,   4,  19,  27,   0,   1,   1,   2,   4,   2,
     4,   1],
 [  13,   4,1896,  78,  13,  21,  25,  15,  10,   8, 105, 134,  13,   8,
    21,  42],
 [   3,   1,  21,2258,   9,   3,  18,  12,   5,   3,   0,   4,   7,   7,
    34,   9],
 [   0,   2,  19,   5,2286,   0,   8,   0,   1,   0,   0,   7,   4,   1,
    67,   1],
 [   8,   4,  21,   5,   3,2291,  17,   5,   2,   6,   3,   8,   5,   0,
    11,  23],
 [   1,   9,  24,   9,   1,  14,2278,  10,  13,   1,   6,  37,  15,   1,
    10,   5],
 [  10,  24,  23,  20,   6,   7,  10,2257,   9,  10,   1,   7,  13,   2,
     4,  12],
 [   0,   2,   2,   5,   2,   0,   1,   5,2362,   3,  11,   0,   3,   2,
     1,   3],
 [  22,   1,   4,   0,   2,   9,   0,  13,   4,2303,   6,  11,   6,   0,
     3,  29],
 [  25,   1,   4,   1,   1,   2,   1,   1,   0,   1,2311,   1,  29,   0,
     1,   8],
 [   2,   1,  29,   3,   0,   7,  17,   3,   1,   5,  17,2226,  10,   3,
     5,  52],
 [  16,   5,  13,  22,   9,  10,  17,  17,   5,   7,  76,   7,2180,   3,
     3,   7],
 [   1,   2,   0,   2,   4,   2,   0,   0,   1,   0,   6,   1,   2,2368,
     2,   2],
 [  17,   6,  16,  38,  39,   7,   8,   4,   1,   2,   0,   2,   4,   0,
  2254,  11],
 [  76,   3,  11,  22,   1,  66,   6,  20,   7,  38, 189,  44,   4,   3,
    26,1869]]



Testing data:
                    precision    recall  f1-score   support

         chinh-tri       0.80      0.65      0.72       618
         cong-nghe       0.91      0.91      0.91       611
          doi-song       0.66      0.57      0.61       594
           du-lich       0.76      0.81      0.79       606
          giai-tri       0.86      0.87      0.86       599
          giao-duc       0.86      0.87      0.87       588
          khoa-hoc       0.80      0.80      0.80       566
        kinh-doanh       0.84      0.82      0.83       585
       o-to-xe-may       0.92      0.94      0.93       598
         phap-luat       0.89      0.89      0.89       587
quan-su-quoc-phong       0.66      0.90      0.76       613
          suc-khoe       0.79      0.83      0.81       619
          the-gioi       0.79      0.73      0.76       603
          the-thao       0.96      0.97      0.96       607
           van-hoa       0.79      0.80      0.79       591
            xa-hoi       0.71      0.64      0.67       615

         micro avg       0.81      0.81      0.81      9600
         macro avg       0.81      0.81      0.81      9600
      weighted avg       0.81      0.81      0.81      9600
[[399,  4,  3,  2,  0,  4,  0,  9,  0, 11,125,  2,  5,  0, 21, 33],
 [  1,555,  1,  1,  1,  5, 13, 16,  4,  3,  2,  1,  3,  0,  2,  3],
 [  4,  2,337, 47, 14, 10, 19, 16, 10,  9, 29, 55,  9,  3, 11, 19],
 [  2,  1, 28,493,  8,  4, 15,  6,  1,  3,  3,  4,  6,  6, 18,  8],
 [  1,  0,  8, 12,519,  0,  1,  2,  0,  2,  0,  8,  5,  3, 38,  0],
 [  4,  3, 21,  3,  5,510,  7,  0,  4,  3,  1,  5,  2,  1,  6, 13],
 [  2,  9, 16, 13,  5,  7,455,  7,  7,  1,  3, 19, 12,  0,  7,  3],
 [  8, 20,  7, 12,  1,  4,  5,480,  4,  7,  1,  6, 16,  2,  1, 11],
 [  1,  2,  3,  7,  0,  1,  2,  5,561,  4,  3,  0,  5,  0,  1,  3],
 [  7,  1,  5,  2,  2,  4,  1,  9,  5,522,  3,  2,  3,  1,  0, 20],
 [ 19,  1,  2,  0,  0,  1,  1,  0,  1,  0,550,  0, 30,  0,  0,  8],
 [  0,  3, 30,  3,  2,  4, 11,  4,  1,  3,  6,514,  7,  3,  2, 26],
 [  5,  5, 12, 16,  7,  6, 28,  8,  2,  2, 50, 12,439,  4,  0,  7],
 [  1,  0,  1,  2,  3,  0,  1,  0,  2,  0,  4,  0,  3,586,  3,  1],
 [  8,  1, 20, 22, 40,  6,  4,  0,  0,  3,  0,  2,  5,  3,470,  7],
 [ 34,  3, 18, 10,  0, 25,  6, 10,  5, 16, 51, 23,  6,  0, 13,395]]



Whole data:
                    precision    recall  f1-score   support

         chinh-tri       0.88      0.73      0.80      3000
         cong-nghe       0.96      0.96      0.96      3000
          doi-song       0.86      0.74      0.80      3000
           du-lich       0.88      0.92      0.90      3000
          giai-tri       0.94      0.94      0.94      3000
          giao-duc       0.92      0.93      0.93      3000
          khoa-hoc       0.91      0.91      0.91      3000
        kinh-doanh       0.92      0.91      0.92      3000
       o-to-xe-may       0.97      0.97      0.97      3000
         phap-luat       0.94      0.94      0.94      3000
quan-su-quoc-phong       0.72      0.95      0.82      3000
          suc-khoe       0.87      0.91      0.89      3000
          the-gioi       0.92      0.87      0.89      3000
          the-thao       0.98      0.98      0.98      3000
           van-hoa       0.88      0.91      0.90      3000
            xa-hoi       0.85      0.75      0.80      3000

         micro avg       0.90      0.90      0.90     48000
         macro avg       0.90      0.90      0.90     48000
      weighted avg       0.90      0.90      0.90     48000
[[2201,   7,   5,   4,   1,  18,   2,  24,   0,  24, 558,   5,  11,   1,
    63,  76],
 [   4,2872,   3,   3,   1,   9,  32,  43,   4,   4,   3,   3,   7,   2,
     6,   4],
 [  17,   6,2233, 125,  27,  31,  44,  31,  20,  17, 134, 189,  22,  11,
    32,  61],
 [   5,   2,  49,2751,  17,   7,  33,  18,   6,   6,   3,   8,  13,  13,
    52,  17],
 [   1,   2,  27,  17,2805,   0,   9,   2,   1,   2,   0,  15,   9,   4,
   105,   1],
 [  12,   7,  42,   8,   8,2801,  24,   5,   6,   9,   4,  13,   7,   1,
    17,  36],
 [   3,  18,  40,  22,   6,  21,2733,  17,  20,   2,   9,  56,  27,   1,
    17,   8],
 [  18,  44,  30,  32,   7,  11,  15,2737,  13,  17,   2,  13,  29,   4,
     5,  23],
 [   1,   4,   5,  12,   2,   1,   3,  10,2923,   7,  14,   0,   8,   2,
     2,   6],
 [  29,   2,   9,   2,   4,  13,   1,  22,   9,2825,   9,  13,   9,   1,
     3,  49],
 [  44,   2,   6,   1,   1,   3,   2,   1,   1,   1,2861,   1,  59,   0,
     1,  16],
 [   2,   4,  59,   6,   2,  11,  28,   7,   2,   8,  23,2740,  17,   6,
     7,  78],
 [  21,  10,  25,  38,  16,  16,  45,  25,   7,   9, 126,  19,2619,   7,
     3,  14],
 [   2,   2,   1,   4,   7,   2,   1,   0,   3,   0,  10,   1,   5,2954,
     5,   3],
 [  25,   7,  36,  60,  79,  13,  12,   4,   1,   5,   0,   4,   9,   3,
  2724,  18],
 [ 110,   6,  29,  32,   1,  91,  12,  30,  12,  54, 240,  67,  10,   3,
    39,2264]]