Training data:
                    precision    recall  f1-score   support

         chinh-tri       0.85      0.72      0.78      2382
         cong-nghe       0.92      0.93      0.92      2389
          doi-song       0.73      0.70      0.71      2406
           du-lich       0.83      0.87      0.85      2394
          giai-tri       0.86      0.85      0.86      2401
          giao-duc       0.89      0.88      0.89      2412
          khoa-hoc       0.86      0.85      0.86      2434
        kinh-doanh       0.90      0.85      0.88      2415
       o-to-xe-may       0.94      0.90      0.92      2402
         phap-luat       0.93      0.92      0.92      2413
quan-su-quoc-phong       0.61      0.92      0.73      2387
          suc-khoe       0.85      0.86      0.85      2381
          the-gioi       0.86      0.78      0.82      2397
          the-thao       0.95      0.94      0.94      2393
           van-hoa       0.86      0.85      0.85      2409
            xa-hoi       0.79      0.72      0.75      2385

         micro avg       0.85      0.85      0.85     38400
         macro avg       0.85      0.85      0.85     38400
      weighted avg       0.85      0.85      0.85     38400
[[1716,   4,   7,   3,   4,  13,   9,  25,   1,  31, 446,   2,  17,   1,
    49,  54],
 [   7,2210,   9,  12,   4,  10,  36,  40,  10,   3,   6,   2,  11,   6,
     7,  16],
 [   2,   4,1674, 153,  26,  23,  42,  17,  11,  10, 163, 162,  13,  21,
    29,  56],
 [   1,   1,  64,2087,  24,   4,  31,  12,  17,   6,  32,   5,  23,  16,
    49,  22],
 [   2,   5,  69,  18,2045,   6,  13,   4,   5,   1,  87,  15,  15,  17,
    97,   2],
 [  11,  15,  64,  18,  10,2119,  28,   8,  10,   9,  29,  14,  12,   5,
    15,  45],
 [   4,  21,  58,  21,  16,  23,2069,   7,  28,   1,  74,  49,  30,   6,
    10,  17],
 [  30,  64,  60,  42,  16,   9,  17,2064,  10,  13,  20,  10,  21,   5,
     5,  29],
 [   1,  16,  41,  21,  18,   3,  12,  21,2156,   8,  57,   3,  15,   9,
     2,  19],
 [  33,   4,  20,   4,   2,  13,   2,  25,   8,2212,  16,   7,   8,   0,
     4,  55],
 [  36,   9,   5,   2,   1,   2,   3,   2,   3,   1,2206,   0,  99,   3,
     1,  14],
 [   5,   7,  73,   8,   9,  15,  56,  11,   2,  10,  50,2037,  12,   8,
     0,  78],
 [  44,  17,  63,  35,  25,  15,  41,  22,  11,   3, 194,  16,1876,  13,
     8,  14],
 [   4,   4,  20,   9,  14,   3,   6,   4,   3,   2,  41,   4,  16,2239,
    15,   9],
 [  31,   6,  47,  44, 152,  17,  14,   7,   3,   2,  10,   2,   9,   1,
  2036,  28],
 [  87,   4,  28,  30,   3,  99,  14,  27,   7,  59, 208,  56,   9,   6,
    41,1707]]



Testing data:
                    precision    recall  f1-score   support

         chinh-tri       0.79      0.65      0.71       618
         cong-nghe       0.87      0.88      0.88       611
          doi-song       0.51      0.55      0.53       594
           du-lich       0.75      0.78      0.76       606
          giai-tri       0.76      0.73      0.74       599
          giao-duc       0.84      0.81      0.82       588
          khoa-hoc       0.75      0.71      0.73       566
        kinh-doanh       0.83      0.76      0.80       585
       o-to-xe-may       0.91      0.81      0.86       598
         phap-luat       0.88      0.85      0.86       587
quan-su-quoc-phong       0.51      0.84      0.64       613
          suc-khoe       0.77      0.77      0.77       619
          the-gioi       0.71      0.67      0.69       603
          the-thao       0.94      0.90      0.92       607
           van-hoa       0.76      0.74      0.75       591
            xa-hoi       0.67      0.60      0.63       615

         micro avg       0.75      0.75      0.75      9600
         macro avg       0.76      0.75      0.75      9600
      weighted avg       0.76      0.75      0.75      9600
[[402,  1,  0,  1,  0,  4,  1,  9,  1,  9,126,  2, 13,  0, 20, 29],
 [  2,538,  2,  3,  1,  3, 12, 21,  2,  3,  4,  3,  9,  1,  5,  2],
 [  4,  5,325, 63, 14, 11, 14,  5,  6,  7, 50, 52,  7,  2,  8, 21],
 [  1,  1, 30,471,  6,  3, 10,  2,  8,  1, 20,  4, 11,  8, 24,  6],
 [  1,  3, 36, 12,435,  2,  9,  2,  2,  1, 41,  8,  4,  4, 38,  1],
 [  5,  2, 40,  2,  5,474, 10,  1,  1,  8, 12,  6,  3,  1,  7, 11],
 [  2, 15, 31, 20,  8,  8,400,  3,  6,  0, 29, 16, 16,  2,  3,  7],
 [ 13, 21, 14, 15,  5,  7,  4,447,  4,  4, 11,  2, 17,  2,  4, 15],
 [  0, 10, 24,  8, 14,  0,  8,  7,487,  1, 19,  2,  4,  3,  2,  9],
 [ 13,  1, 16,  0,  1,  5,  4, 14,  1,498,  5,  2,  3,  1,  1, 22],
 [ 14,  3,  1,  0,  4,  0,  9,  1,  2,  0,512,  2, 56,  0,  2,  7],
 [  3,  2, 50,  4,  2,  3, 19,  2,  0,  4, 18,477,  7,  2,  1, 25],
 [  9,  6, 24, 13,  7,  6, 20, 10,  4,  7, 68, 10,403,  6,  4,  6],
 [  0,  2,  5,  2,  9,  4,  2,  1,  3,  1, 18,  2,  4,545,  5,  4],
 [ 10,  5, 25, 12, 59,  3,  8,  0,  0,  1,  7,  3,  4,  5,436, 13],
 [ 33,  2, 19,  6,  3, 34,  6, 13,  7, 20, 58, 27,  3,  0, 17,367]]



Whole data:
                    precision    recall  f1-score   support

         chinh-tri       0.84      0.71      0.77      3000
         cong-nghe       0.91      0.92      0.91      3000
          doi-song       0.68      0.67      0.67      3000
           du-lich       0.81      0.85      0.83      3000
          giai-tri       0.84      0.83      0.83      3000
          giao-duc       0.88      0.86      0.87      3000
          khoa-hoc       0.84      0.82      0.83      3000
        kinh-doanh       0.89      0.84      0.86      3000
       o-to-xe-may       0.94      0.88      0.91      3000
         phap-luat       0.92      0.90      0.91      3000
quan-su-quoc-phong       0.59      0.91      0.71      3000
          suc-khoe       0.84      0.84      0.84      3000
          the-gioi       0.83      0.76      0.79      3000
          the-thao       0.95      0.93      0.94      3000
           van-hoa       0.84      0.82      0.83      3000
            xa-hoi       0.77      0.69      0.73      3000

         micro avg       0.83      0.83      0.83     48000
         macro avg       0.84      0.83      0.83     48000
      weighted avg       0.84      0.83      0.83     48000
[[2118,   5,   7,   4,   4,  17,  10,  34,   2,  40, 572,   4,  30,   1,
    69,  83],
 [   9,2748,  11,  15,   5,  13,  48,  61,  12,   6,  10,   5,  20,   7,
    12,  18],
 [   6,   9,1999, 216,  40,  34,  56,  22,  17,  17, 213, 214,  20,  23,
    37,  77],
 [   2,   2,  94,2558,  30,   7,  41,  14,  25,   7,  52,   9,  34,  24,
    73,  28],
 [   3,   8, 105,  30,2480,   8,  22,   6,   7,   2, 128,  23,  19,  21,
   135,   3],
 [  16,  17, 104,  20,  15,2593,  38,   9,  11,  17,  41,  20,  15,   6,
    22,  56],
 [   6,  36,  89,  41,  24,  31,2469,  10,  34,   1, 103,  65,  46,   8,
    13,  24],
 [  43,  85,  74,  57,  21,  16,  21,2511,  14,  17,  31,  12,  38,   7,
     9,  44],
 [   1,  26,  65,  29,  32,   3,  20,  28,2643,   9,  76,   5,  19,  12,
     4,  28],
 [  46,   5,  36,   4,   3,  18,   6,  39,   9,2710,  21,   9,  11,   1,
     5,  77],
 [  50,  12,   6,   2,   5,   2,  12,   3,   5,   1,2718,   2, 155,   3,
     3,  21],
 [   8,   9, 123,  12,  11,  18,  75,  13,   2,  14,  68,2514,  19,  10,
     1, 103],
 [  53,  23,  87,  48,  32,  21,  61,  32,  15,  10, 262,  26,2279,  19,
    12,  20],
 [   4,   6,  25,  11,  23,   7,   8,   5,   6,   3,  59,   6,  20,2784,
    20,  13],
 [  41,  11,  72,  56, 211,  20,  22,   7,   3,   3,  17,   5,  13,   6,
  2472,  41],
 [ 120,   6,  47,  36,   6, 133,  20,  40,  14,  79, 266,  83,  12,   6,
    58,2074]]