Training data:
                    precision    recall  f1-score   support

         chinh-tri       0.84      0.72      0.78      2382
         cong-nghe       0.94      0.92      0.93      2389
          doi-song       0.77      0.69      0.73      2406
           du-lich       0.84      0.89      0.86      2394
          giai-tri       0.88      0.89      0.89      2401
          giao-duc       0.88      0.90      0.89      2412
          khoa-hoc       0.87      0.88      0.87      2434
        kinh-doanh       0.88      0.86      0.87      2415
       o-to-xe-may       0.93      0.96      0.95      2402
         phap-luat       0.93      0.91      0.92      2413
quan-su-quoc-phong       0.69      0.93      0.79      2387
          suc-khoe       0.84      0.88      0.86      2381
          the-gioi       0.87      0.78      0.82      2397
          the-thao       0.96      0.97      0.97      2393
           van-hoa       0.84      0.83      0.83      2409
            xa-hoi       0.80      0.71      0.75      2385

         micro avg       0.86      0.86      0.86     38400
         macro avg       0.86      0.86      0.86     38400
      weighted avg       0.86      0.86      0.86     38400
[[1712,   2,   5,   2,   2,  18,   5,  25,   1,  31, 443,   3,  11,   3,
    56,  63],
 [   7,2197,   6,   6,   5,  12,  41,  50,  13,   3,   4,   5,  13,   6,
    11,  10],
 [  12,   7,1661, 145,  21,  26,  42,  26,  20,  12, 106, 184,  21,  21,
    36,  66],
 [   2,   1,  41,2136,  16,   2,  56,  16,  10,   7,   4,   3,  22,  17,
    46,  15],
 [   0,   1,  50,   8,2139,   3,  13,   3,   2,   6,   1,  11,  14,   5,
   143,   2],
 [  16,  11,  55,  18,   8,2162,  34,   9,   3,   9,   5,  11,   9,   4,
    21,  37],
 [   5,  11,  48,  16,  10,  21,2142,  15,  36,   0,  15,  66,  26,   7,
     8,   8],
 [  30,  69,  54,  48,   7,   7,  15,2074,  21,  14,   4,   9,  28,   4,
     3,  28],
 [   1,   2,   5,  11,   6,   3,   5,  13,2316,   5,  16,   1,   5,   4,
     2,   7],
 [  32,   4,  23,   8,   5,  15,   0,  29,  13,2206,   7,  12,   8,   1,
     4,  46],
 [  44,   3,   1,   1,   0,   0,   6,   1,   3,   1,2208,   1,  96,   3,
     2,  17],
 [   6,   8,  71,  12,   7,  17,  37,   6,   2,   9,  20,2090,   9,   7,
     2,  78],
 [  43,  13,  44,  42,  31,  22,  43,  32,  16,   7, 177,  18,1877,   8,
    12,  12],
 [   1,   1,   6,   4,  10,   2,   0,   2,   5,   3,   7,   2,  13,2322,
     6,   9],
 [  32,   4,  55,  57, 163,  26,  19,   8,   4,   4,   0,   6,   7,   3,
  2006,  15],
 [  88,   3,  21,  36,   1, 118,  13,  40,  17,  58, 188,  67,   5,   4,
    41,1685]]



Testing data:
                    precision    recall  f1-score   support

         chinh-tri       0.80      0.67      0.73       618
         cong-nghe       0.91      0.90      0.90       611
          doi-song       0.65      0.60      0.62       594
           du-lich       0.80      0.84      0.82       606
          giai-tri       0.85      0.86      0.86       599
          giao-duc       0.87      0.87      0.87       588
          khoa-hoc       0.80      0.81      0.81       566
        kinh-doanh       0.84      0.80      0.82       585
       o-to-xe-may       0.92      0.93      0.93       598
         phap-luat       0.90      0.88      0.89       587
quan-su-quoc-phong       0.66      0.90      0.76       613
          suc-khoe       0.79      0.85      0.82       619
          the-gioi       0.78      0.70      0.74       603
          the-thao       0.96      0.96      0.96       607
           van-hoa       0.78      0.78      0.78       591
            xa-hoi       0.71      0.63      0.67       615

         micro avg       0.81      0.81      0.81      9600
         macro avg       0.81      0.81      0.81      9600
      weighted avg       0.81      0.81      0.81      9600
[[415,  2,  0,  1,  0,  4,  0,  7,  0, 11,121,  1,  6,  0, 22, 28],
 [  2,549,  1,  1,  1,  4, 12, 19,  3,  3,  3,  2,  5,  2,  3,  1],
 [  5,  1,355, 42, 10,  9, 18, 10,  8,  8, 30, 58,  6,  1, 13, 20],
 [  2,  1, 20,508,  7,  1, 17,  1,  1,  1,  2,  3, 11,  9, 16,  6],
 [  0,  1, 16,  7,515,  0,  1,  2,  1,  0,  1, 10,  3,  2, 40,  0],
 [  3,  2, 21,  4,  3,513,  9,  1,  0,  6,  0,  6,  3,  0,  7, 10],
 [  3, 14, 21,  3,  1,  6,461,  3,  8,  1,  5, 19, 13,  1,  5,  2],
 [ 18, 21,  9, 11,  1,  5,  3,467,  5,  4,  3,  1, 19,  2,  3, 13],
 [  0,  2,  7,  3,  3,  0,  2,  4,559,  1,  4,  0,  4,  1,  0,  8],
 [  7,  2,  8,  2,  0,  4,  1, 12,  7,515,  3,  2,  2,  1,  1, 20],
 [ 18,  1,  0,  0,  0,  0,  1,  0,  3,  0,554,  1, 30,  0,  0,  5],
 [  0,  2, 31,  2,  1,  3, 11,  0,  0,  3,  6,524,  4,  2,  2, 28],
 [  7,  2, 16, 17, 10,  6, 28,  8,  2,  6, 59,  9,421,  3,  2,  7],
 [  1,  0,  2,  1,  2,  1,  1,  0,  2,  0,  4,  0,  6,584,  3,  0],
 [  8,  3, 21, 20, 49,  2,  6,  1,  1,  3,  0,  2,  3,  3,460,  9],
 [ 31,  1, 15, 10,  0, 33,  5, 19,  7, 13, 48, 28,  1,  0, 15,389]]



Whole data:
                    precision    recall  f1-score   support

         chinh-tri       0.83      0.71      0.77      3000
         cong-nghe       0.93      0.92      0.92      3000
          doi-song       0.75      0.67      0.71      3000
           du-lich       0.83      0.88      0.86      3000
          giai-tri       0.87      0.88      0.88      3000
          giao-duc       0.88      0.89      0.89      3000
          khoa-hoc       0.85      0.87      0.86      3000
        kinh-doanh       0.88      0.85      0.86      3000
       o-to-xe-may       0.93      0.96      0.94      3000
         phap-luat       0.92      0.91      0.91      3000
quan-su-quoc-phong       0.68      0.92      0.78      3000
          suc-khoe       0.83      0.87      0.85      3000
          the-gioi       0.85      0.77      0.81      3000
          the-thao       0.96      0.97      0.96      3000
           van-hoa       0.82      0.82      0.82      3000
            xa-hoi       0.78      0.69      0.73      3000

         micro avg       0.85      0.85      0.85     48000
         macro avg       0.85      0.85      0.85     48000
      weighted avg       0.85      0.85      0.85     48000
[[2127,   4,   5,   3,   2,  22,   5,  32,   1,  42, 564,   4,  17,   3,
    78,  91],
 [   9,2746,   7,   7,   6,  16,  53,  69,  16,   6,   7,   7,  18,   8,
    14,  11],
 [  17,   8,2016, 187,  31,  35,  60,  36,  28,  20, 136, 242,  27,  22,
    49,  86],
 [   4,   2,  61,2644,  23,   3,  73,  17,  11,   8,   6,   6,  33,  26,
    62,  21],
 [   0,   2,  66,  15,2654,   3,  14,   5,   3,   6,   2,  21,  17,   7,
   183,   2],
 [  19,  13,  76,  22,  11,2675,  43,  10,   3,  15,   5,  17,  12,   4,
    28,  47],
 [   8,  25,  69,  19,  11,  27,2603,  18,  44,   1,  20,  85,  39,   8,
    13,  10],
 [  48,  90,  63,  59,   8,  12,  18,2541,  26,  18,   7,  10,  47,   6,
     6,  41],
 [   1,   4,  12,  14,   9,   3,   7,  17,2875,   6,  20,   1,   9,   5,
     2,  15],
 [  39,   6,  31,  10,   5,  19,   1,  41,  20,2721,  10,  14,  10,   2,
     5,  66],
 [  62,   4,   1,   1,   0,   0,   7,   1,   6,   1,2762,   2, 126,   3,
     2,  22],
 [   6,  10, 102,  14,   8,  20,  48,   6,   2,  12,  26,2614,  13,   9,
     4, 106],
 [  50,  15,  60,  59,  41,  28,  71,  40,  18,  13, 236,  27,2298,  11,
    14,  19],
 [   2,   1,   8,   5,  12,   3,   1,   2,   7,   3,  11,   2,  19,2906,
     9,   9],
 [  40,   7,  76,  77, 212,  28,  25,   9,   5,   7,   0,   8,  10,   6,
  2466,  24],
 [ 119,   4,  36,  46,   1, 151,  18,  59,  24,  71, 236,  95,   6,   4,
    56,2074]]