Training data:
                    precision    recall  f1-score   support

         chinh-tri       0.94      0.79      0.86      2382
         cong-nghe       0.98      0.98      0.98      2389
          doi-song       0.95      0.85      0.90      2406
           du-lich       0.94      0.96      0.95      2394
          giai-tri       0.98      0.97      0.97      2401
          giao-duc       0.96      0.97      0.97      2412
          khoa-hoc       0.96      0.96      0.96      2434
        kinh-doanh       0.96      0.95      0.96      2415
       o-to-xe-may       0.98      0.99      0.99      2402
         phap-luat       0.98      0.97      0.98      2413
quan-su-quoc-phong       0.74      0.98      0.84      2387
          suc-khoe       0.92      0.96      0.94      2381
          the-gioi       0.97      0.94      0.95      2397
          the-thao       0.99      0.99      0.99      2393
           van-hoa       0.95      0.96      0.95      2409
            xa-hoi       0.94      0.84      0.88      2385

         micro avg       0.94      0.94      0.94     38400
         macro avg       0.95      0.94      0.94     38400
      weighted avg       0.95      0.94      0.94     38400
[[1872,   0,   4,   1,   1,   5,   3,   7,   0,   7, 431,   0,   2,   0,
    23,  26],
 [   3,2339,   1,   1,   0,   4,  17,  16,   1,   0,   0,   1,   2,   1,
     2,   1],
 [   4,   0,2049,  62,   9,   9,  13,   9,   5,   3, 102,  94,   6,   8,
    10,  23],
 [   4,   0,  12,2306,   7,   4,  10,   6,   3,   3,   0,   5,   7,   4,
    15,   8],
 [   0,   2,   9,   3,2326,   2,   7,   0,   3,   1,   1,   4,   4,   1,
    38,   0],
 [   5,   3,   9,   4,   0,2344,  11,   3,   1,   3,   3,   5,   3,   1,
     6,  11],
 [   1,   5,  11,   6,   2,   8,2339,   4,   7,   0,   5,  28,  13,   1,
     2,   2],
 [  10,  21,  18,  14,   4,   4,   5,2304,   5,   6,   2,   5,   9,   1,
     2,   5],
 [   0,   1,   1,   2,   2,   0,   2,   4,2373,   0,  13,   0,   0,   2,
     1,   1],
 [  10,   0,   1,   1,   2,   7,   1,  11,   3,2351,   6,   2,   2,   0,
     3,  13],
 [  20,   0,   3,   0,   0,   1,   1,   0,   0,   1,2337,   0,  19,   0,
     1,   4],
 [   0,   0,  18,   4,   0,   2,  10,   3,   1,   3,  19,2280,   3,   3,
     3,  32],
 [  14,   4,   9,  18,   4,   4,  16,  10,   2,   2,  56,   7,2244,   2,
     1,   4],
 [   1,   2,   2,   2,   3,   1,   0,   0,   1,   0,   6,   1,   0,2369,
     4,   1],
 [   7,   4,   6,  24,  24,   8,   4,   2,   1,   0,   0,   0,   2,   1,
  2320,   6],
 [  41,   1,   5,  11,   1,  38,   1,   9,   5,  27, 189,  33,   2,   1,
    24,1997]]



Testing data:
                    precision    recall  f1-score   support

         chinh-tri       0.81      0.66      0.73       618
         cong-nghe       0.91      0.92      0.92       611
          doi-song       0.70      0.59      0.64       594
           du-lich       0.80      0.85      0.83       606
          giai-tri       0.91      0.88      0.89       599
          giao-duc       0.88      0.88      0.88       588
          khoa-hoc       0.83      0.85      0.84       566
        kinh-doanh       0.87      0.84      0.86       585
       o-to-xe-may       0.93      0.95      0.94       598
         phap-luat       0.90      0.90      0.90       587
quan-su-quoc-phong       0.67      0.92      0.78       613
          suc-khoe       0.79      0.84      0.82       619
          the-gioi       0.83      0.76      0.80       603
          the-thao       0.96      0.97      0.96       607
           van-hoa       0.82      0.84      0.83       591
            xa-hoi       0.74      0.66      0.70       615

         micro avg       0.83      0.83      0.83      9600
         macro avg       0.83      0.83      0.83      9600
      weighted avg       0.83      0.83      0.83      9600


[[410,  3,  0,  2,  0,  4,  1,  6,  0, 12,126,  1,  4,  1, 20, 28],
 [  1,565,  1,  1,  0,  4, 11, 12,  3,  3,  2,  1,  0,  1,  4,  2],
 [  4,  3,353, 46,  8, 12, 20, 12,  7,  7, 27, 55, 10,  1, 11, 18],
 [  1,  1, 23,516,  6,  0,  8,  5,  1,  2,  3,  5,  8,  9, 13,  5],
 [  0,  0,  9, 11,525,  0,  1,  2,  0,  1,  1, 11,  4,  2, 32,  0],
 [  4,  3, 15,  2,  3,518,  8,  0,  3,  5,  0,  5,  4,  0,  6, 12],
 [  3,  9, 11,  9,  1,  5,479,  5,  6,  1,  3, 16, 12,  0,  4,  2],
 [  8, 16,  7, 11,  0,  6,  4,494,  4,  7,  3,  2, 11,  2,  3,  7],
 [  0,  2,  4,  4,  0,  0,  3,  3,568,  2,  5,  0,  3,  1,  0,  3],
 [  7,  1,  5,  2,  2,  6,  1,  8,  6,526,  3,  2,  1,  0,  0, 17],
 [ 15,  1,  0,  1,  0,  1,  1,  0,  2,  0,565,  1, 19,  0,  0,  7],
 [  1,  3, 28,  5,  1,  3, 13,  0,  0,  4,  6,523,  5,  3,  1, 23],
 [  5,  7, 16,  9,  8,  4, 21,  8,  2,  5, 38, 10,460,  4,  0,  6],
 [  2,  0,  0,  0,  2,  0,  1,  1,  2,  0,  2,  1,  2,591,  3,  0],
 [  8,  2, 16, 15, 21,  5,  4,  0,  0,  1,  2,  2,  5,  3,495, 12],
 [ 36,  2, 14,  9,  0, 23,  4,  9,  6, 11, 53, 24,  4,  0, 15,405]]



Whole data:
                    precision    recall  f1-score   support

         chinh-tri       0.91      0.76      0.83      3000
         cong-nghe       0.97      0.97      0.97      3000
          doi-song       0.90      0.80      0.85      3000
           du-lich       0.91      0.94      0.92      3000
          giai-tri       0.96      0.95      0.96      3000
          giao-duc       0.94      0.95      0.95      3000
          khoa-hoc       0.93      0.94      0.94      3000
        kinh-doanh       0.95      0.93      0.94      3000
       o-to-xe-may       0.97      0.98      0.98      3000
         phap-luat       0.96      0.96      0.96      3000
quan-su-quoc-phong       0.72      0.97      0.83      3000
          suc-khoe       0.90      0.93      0.92      3000
          the-gioi       0.94      0.90      0.92      3000
          the-thao       0.98      0.99      0.98      3000
           van-hoa       0.92      0.94      0.93      3000
            xa-hoi       0.90      0.80      0.85      3000

         micro avg       0.92      0.92      0.92     48000
         macro avg       0.92      0.92      0.92     48000
      weighted avg       0.92      0.92      0.92     48000
[[2282,   3,   4,   3,   1,   9,   4,  13,   0,  19, 557,   1,   6,   1,
    43,  54],
 [   4,2904,   2,   2,   0,   8,  28,  28,   4,   3,   2,   2,   2,   2,
     6,   3],
 [   8,   3,2402, 108,  17,  21,  33,  21,  12,  10, 129, 149,  16,   9,
    21,  41],
 [   5,   1,  35,2822,  13,   4,  18,  11,   4,   5,   3,  10,  15,  13,
    28,  13],
 [   0,   2,  18,  14,2851,   2,   8,   2,   3,   2,   2,  15,   8,   3,
    70,   0],
 [   9,   6,  24,   6,   3,2862,  19,   3,   4,   8,   3,  10,   7,   1,
    12,  23],
 [   4,  14,  22,  15,   3,  13,2818,   9,  13,   1,   8,  44,  25,   1,
     6,   4],
 [  18,  37,  25,  25,   4,  10,   9,2798,   9,  13,   5,   7,  20,   3,
     5,  12],
 [   0,   3,   5,   6,   2,   0,   5,   7,2941,   2,  18,   0,   3,   3,
     1,   4],
 [  17,   1,   6,   3,   4,  13,   2,  19,   9,2877,   9,   4,   3,   0,
     3,  30],
 [  35,   1,   3,   1,   0,   2,   2,   0,   2,   1,2902,   1,  38,   0,
     1,  11],
 [   1,   3,  46,   9,   1,   5,  23,   3,   1,   7,  25,2803,   8,   6,
     4,  55],
 [  19,  11,  25,  27,  12,   8,  37,  18,   4,   7,  94,  17,2704,   6,
     1,  10],
 [   3,   2,   2,   2,   5,   1,   1,   1,   3,   0,   8,   2,   2,2960,
     7,   1],
 [  15,   6,  22,  39,  45,  13,   8,   2,   1,   1,   2,   2,   7,   4,
  2815,  18],
 [  77,   3,  19,  20,   1,  61,   5,  18,  11,  38, 242,  57,   6,   1,
    39,2402]]