Training data:
                    precision    recall  f1-score   support

         chinh-tri       0.94      0.77      0.85      2382
         cong-nghe       0.96      0.97      0.96      2389
          doi-song       0.88      0.70      0.78      2406
           du-lich       0.90      0.85      0.88      2394
          giai-tri       0.91      0.76      0.83      2401
          giao-duc       0.95      0.88      0.92      2412
          khoa-hoc       0.93      0.85      0.89      2434
        kinh-doanh       0.95      0.92      0.94      2415
       o-to-xe-may       0.96      0.86      0.90      2402
         phap-luat       0.97      0.96      0.96      2413
quan-su-quoc-phong       0.44      0.96      0.60      2387
          suc-khoe       0.93      0.89      0.91      2381
          the-gioi       0.92      0.88      0.90      2397
          the-thao       0.96      0.89      0.93      2393
           van-hoa       0.93      0.93      0.93      2409
            xa-hoi       0.91      0.80      0.86      2385

         micro avg       0.87      0.87      0.87     38400
         macro avg       0.90      0.87      0.88     38400
      weighted avg       0.90      0.87      0.88     38400
[[1832,   1,   2,   3,   6,   7,   2,  11,   1,   5, 462,   0,   8,   1,
    18,  23],
 [   3,2319,   3,   3,   3,   3,  10,  23,   4,   0,   4,   2,   5,   1,
     3,   3],
 [   1,   9,1689,  73,  30,  13,  26,   8,  10,   3, 422,  59,   9,  16,
    20,  18],
 [   2,   5,  33,2034,  13,   3,  16,  12,  13,   4, 192,   8,  15,   9,
    26,   9],
 [   2,   6,  35,  15,1818,   8,   4,   3,   8,   1, 418,   7,   9,  15,
    45,   7],
 [  10,   6,  19,   7,   9,2132,  12,   3,   9,   4, 159,   7,   4,   4,
     7,  20],
 [   3,  13,  16,  15,   8,  14,2064,   4,  10,   4, 211,  30,  24,   6,
     4,   8],
 [   7,  26,  13,  16,   4,   8,   7,2225,  11,   8,  51,   8,  18,   1,
     4,   8],
 [   2,  13,  18,  14,   9,   2,   6,   9,2062,   2, 238,   6,   4,   4,
     5,   8],
 [   9,   0,   7,   2,   4,   4,   3,   6,   5,2307,  35,   4,   2,   0,
     3,  22],
 [  13,   3,   3,   3,   3,   0,   4,   0,   5,   1,2296,   1,  43,   1,
     3,   8],
 [   0,   2,  26,   4,   6,   9,  21,   2,   2,   5, 154,2110,   8,   2,
     4,  26],
 [  11,   8,  26,  17,   9,   8,  20,  17,   6,   5, 135,   7,2104,   8,
     5,  11],
 [   3,   2,   9,   4,  11,   3,   3,   5,   2,   1, 200,   1,  11,2129,
     5,   4],
 [  10,   6,  14,  24,  53,   4,   7,   4,   1,   2,  19,   0,   6,   3,
  2248,   8],
 [  40,   2,   5,  15,   3,  27,   8,  10,   9,  32, 257,  23,   9,   7,
    20,1918]]



Testing data:
                    precision    recall  f1-score   support

         chinh-tri       0.76      0.61      0.68       618
         cong-nghe       0.84      0.86      0.85       611
          doi-song       0.43      0.30      0.35       594
           du-lich       0.65      0.62      0.64       606
          giai-tri       0.64      0.55      0.59       599
          giao-duc       0.78      0.71      0.74       588
          khoa-hoc       0.66      0.61      0.63       566
        kinh-doanh       0.77      0.73      0.75       585
       o-to-xe-may       0.77      0.71      0.74       598
         phap-luat       0.85      0.83      0.84       587
quan-su-quoc-phong       0.36      0.78      0.49       613
          suc-khoe       0.73      0.71      0.72       619
          the-gioi       0.63      0.60      0.61       603
          the-thao       0.87      0.78      0.82       607
           van-hoa       0.69      0.75      0.72       591
            xa-hoi       0.64      0.54      0.59       615

         micro avg       0.67      0.67      0.67      9600
         macro avg       0.69      0.67      0.67      9600
      weighted avg       0.69      0.67      0.67      9600
[[375,  4,  1,  5,  1,  5,  5,  9,  1,  9,138,  2, 10,  0, 25, 28],
 [  4,524,  6,  1,  2,  5, 10, 15, 11,  2,  5,  5, 10,  3,  6,  2],
 [  4,  6,180, 62, 28, 21, 31, 14, 18,  9,110, 48, 17, 10, 18, 18],
 [  3,  2, 35,378, 15,  9, 19,  8, 11,  4, 46,  7, 23,  9, 27, 10],
 [  3,  4, 25, 16,332,  5, 14,  4,  5,  2,111, 13,  8,  7, 49,  1],
 [  6,  2, 30, 11, 13,419,  9,  6,  9,  6, 34,  7,  4,  3, 10, 19],
 [  3, 15, 15, 13,  7,  8,343,  9, 13,  3, 70, 23, 23,  6,  7,  8],
 [ 10, 22, 13, 15,  9,  4,  3,426,  9,  7, 23,  4, 14,  5,  4, 17],
 [  0, 12, 17, 11, 11,  0, 11, 14,424,  3, 71,  3,  6,  3,  6,  6],
 [ 13,  3, 10,  4,  4,  7,  2, 10,  3,488,  9,  4,  6,  1,  1, 22],
 [ 16,  4,  4,  4,  4,  4, 10,  2,  4,  1,480,  7, 58,  4,  3,  8],
 [  2,  3, 35,  3,  8,  5, 17,  5,  4,  8, 42,441, 14,  3,  4, 25],
 [  9, 14, 15, 15, 20,  5, 19, 13, 11,  4, 94,  8,361,  7,  4,  4],
 [  2,  5, 10, 13, 12,  4,  7,  2,  9,  1, 45,  2,  9,472, 12,  2],
 [  9,  3, 12, 22, 51,  6,  5,  2,  3,  2,  9,  2,  5,  4,441, 15],
 [ 32,  2, 14,  8,  4, 32, 11, 15, 13, 23, 64, 30,  9,  3, 22,333]]



Whole data:
                    precision    recall  f1-score   support

         chinh-tri       0.90      0.74      0.81      3000
         cong-nghe       0.93      0.95      0.94      3000
          doi-song       0.80      0.62      0.70      3000
           du-lich       0.85      0.80      0.83      3000
          giai-tri       0.86      0.72      0.78      3000
          giao-duc       0.92      0.85      0.88      3000
          khoa-hoc       0.88      0.80      0.84      3000
        kinh-doanh       0.92      0.88      0.90      3000
       o-to-xe-may       0.92      0.83      0.87      3000
         phap-luat       0.95      0.93      0.94      3000
quan-su-quoc-phong       0.42      0.93      0.58      3000
          suc-khoe       0.89      0.85      0.87      3000
          the-gioi       0.86      0.82      0.84      3000
          the-thao       0.95      0.87      0.91      3000
           van-hoa       0.88      0.90      0.89      3000
            xa-hoi       0.86      0.75      0.80      3000

         micro avg       0.83      0.83      0.83     48000
         macro avg       0.86      0.83      0.84     48000
      weighted avg       0.86      0.83      0.84     48000
[[2207,   5,   3,   8,   7,  12,   7,  20,   2,  14, 600,   2,  18,   1,
    43,  51],
 [   7,2843,   9,   4,   5,   8,  20,  38,  15,   2,   9,   7,  15,   4,
     9,   5],
 [   5,  15,1869, 135,  58,  34,  57,  22,  28,  12, 532, 107,  26,  26,
    38,  36],
 [   5,   7,  68,2412,  28,  12,  35,  20,  24,   8, 238,  15,  38,  18,
    53,  19],
 [   5,  10,  60,  31,2150,  13,  18,   7,  13,   3, 529,  20,  17,  22,
    94,   8],
 [  16,   8,  49,  18,  22,2551,  21,   9,  18,  10, 193,  14,   8,   7,
    17,  39],
 [   6,  28,  31,  28,  15,  22,2407,  13,  23,   7, 281,  53,  47,  12,
    11,  16],
 [  17,  48,  26,  31,  13,  12,  10,2651,  20,  15,  74,  12,  32,   6,
     8,  25],
 [   2,  25,  35,  25,  20,   2,  17,  23,2486,   5, 309,   9,  10,   7,
    11,  14],
 [  22,   3,  17,   6,   8,  11,   5,  16,   8,2795,  44,   8,   8,   1,
     4,  44],
 [  29,   7,   7,   7,   7,   4,  14,   2,   9,   2,2776,   8, 101,   5,
     6,  16],
 [   2,   5,  61,   7,  14,  14,  38,   7,   6,  13, 196,2551,  22,   5,
     8,  51],
 [  20,  22,  41,  32,  29,  13,  39,  30,  17,   9, 229,  15,2465,  15,
     9,  15],
 [   5,   7,  19,  17,  23,   7,  10,   7,  11,   2, 245,   3,  20,2601,
    17,   6],
 [  19,   9,  26,  46, 104,  10,  12,   6,   4,   4,  28,   2,  11,   7,
  2689,  23],
 [  72,   4,  19,  23,   7,  59,  19,  25,  22,  55, 321,  53,  18,  10,
    42,2251]]