Training data:
                    precision    recall  f1-score   support

         chinh-tri       0.86      0.70      0.77      2382
         cong-nghe       0.91      0.92      0.91      2389
          doi-song       0.69      0.57      0.62      2406
           du-lich       0.80      0.78      0.79      2394
          giai-tri       0.82      0.72      0.76      2401
          giao-duc       0.88      0.80      0.84      2412
          khoa-hoc       0.83      0.78      0.80      2434
        kinh-doanh       0.89      0.84      0.87      2415
       o-to-xe-may       0.94      0.79      0.86      2402
         phap-luat       0.92      0.91      0.91      2413
quan-su-quoc-phong       0.41      0.91      0.57      2387
          suc-khoe       0.83      0.81      0.82      2381
          the-gioi       0.83      0.77      0.80      2397
          the-thao       0.94      0.86      0.90      2393
           van-hoa       0.86      0.84      0.85      2409
            xa-hoi       0.78      0.70      0.74      2385

         micro avg       0.79      0.79      0.79     38400
         macro avg       0.83      0.79      0.80     38400
      weighted avg       0.83      0.79      0.80     38400
[[1676,   5,  11,   6,   6,  15,   7,  24,   3,  31, 481,   2,  20,   3,
    42,  50],
 [  12,2190,  10,  11,   9,  11,  37,  41,   5,   5,   7,   5,  18,   8,
     6,  14],
 [   3,  18,1372, 151,  45,  22,  43,  18,  17,  12, 421, 166,  16,  20,
    30,  52],
 [   1,   5,  68,1859,  31,   5,  39,  20,   9,   9, 194,  14,  46,  17,
    61,  16],
 [   1,   6,  63,  18,1718,   8,  10,   3,   8,   1, 421,  15,  16,  15,
    92,   6],
 [  19,  18,  67,  23,  14,1929,  34,   5,   7,  16, 165,  19,  14,   7,
    25,  50],
 [   2,  23,  60,  41,  19,  25,1890,  12,  21,   3, 223,  51,  35,   6,
     7,  16],
 [  25,  61,  56,  38,  11,  18,  12,2030,  10,  20,  51,  14,  31,   6,
     3,  29],
 [   0,  20,  57,  33,  26,   4,  19,  31,1909,   6, 240,   7,  18,   5,
     8,  19],
 [  35,   4,  20,   7,   4,  11,   3,  13,   4,2186,  37,  15,   9,   3,
     4,  58],
 [  32,  12,   7,   5,   4,   3,  10,   1,   6,   1,2176,   1, 106,   4,
     3,  16],
 [   4,   5,  56,   9,  24,  16,  72,   6,   2,   9, 155,1925,  10,   6,
     5,  77],
 [  33,  16,  63,  30,  23,  17,  49,  28,  11,   3, 224,  17,1850,  12,
     6,  15],
 [   3,  10,  18,   9,  26,   5,   8,   4,   1,   2, 202,   6,  19,2056,
    12,  12],
 [  31,   7,  48,  53, 125,  11,  20,   7,   4,   5,  21,   5,  11,   3,
  2031,  27],
 [  79,   4,  21,  26,   6,  89,  19,  28,   6,  60, 265,  52,  17,   8,
    39,1666]]



Testing data:
                    precision    recall  f1-score   support

         chinh-tri       0.78      0.61      0.69       618
         cong-nghe       0.84      0.86      0.85       611
          doi-song       0.40      0.38      0.39       594
           du-lich       0.68      0.66      0.67       606
          giai-tri       0.64      0.58      0.61       599
          giao-duc       0.82      0.73      0.77       588
          khoa-hoc       0.70      0.60      0.65       566
        kinh-doanh       0.80      0.74      0.77       585
       o-to-xe-may       0.87      0.69      0.77       598
         phap-luat       0.88      0.82      0.85       587
quan-su-quoc-phong       0.36      0.82      0.50       613
          suc-khoe       0.75      0.71      0.73       619
          the-gioi       0.65      0.62      0.63       603
          the-thao       0.92      0.80      0.86       607
           van-hoa       0.70      0.74      0.72       591
            xa-hoi       0.64      0.56      0.60       615

         micro avg       0.68      0.68      0.68      9600
         macro avg       0.72      0.68      0.69      9600
      weighted avg       0.72      0.68      0.69      9600
[[380,  3,  5,  2,  1,  4,  2,  9,  0,  5,138,  2, 15,  0, 23, 29],
 [  3,526,  7,  4,  2,  4, 11, 15,  3,  3,  5,  3, 12,  2,  5,  6],
 [  1,  6,226, 62, 30, 15, 21, 10, 11,  9,113, 51,  7,  2, 13, 17],
 [  3,  2, 38,401, 18,  6, 14,  2,  3,  2, 48,  4, 25,  7, 30,  3],
 [  0,  1, 31, 14,349,  1,  7,  3,  7,  1,112, 12,  7,  4, 46,  4],
 [  2,  3, 37, 11, 13,427,  7,  1,  2,  8, 33,  6,  4,  4, 15, 15],
 [  2, 20, 31, 13, 11,  7,341,  4,  8,  1, 76, 17, 22,  5,  6,  2],
 [ 11, 26, 18, 15,  5,  5,  3,431,  3,  4, 23,  2, 17,  4,  3, 15],
 [  0, 13, 28, 11, 11,  1,  9, 18,412,  3, 70,  3,  7,  2,  4,  6],
 [ 15,  2, 11,  5,  4,  5,  2, 10,  2,481,  7,  3,  6,  0,  2, 32],
 [ 15,  3,  6,  4,  5,  2,  6,  0,  3,  1,504,  2, 55,  2,  1,  4],
 [  3,  4, 42,  3,  7,  2, 20,  1,  0,  5, 44,442, 10,  3,  2, 31],
 [ 11,  7, 27, 11, 11,  6, 21, 13,  6,  2, 92,  8,373,  5,  6,  4],
 [  2,  2, 13,  4, 16,  1,  5,  1,  5,  1, 48,  2,  7,485, 10,  5],
 [  9,  4, 20, 19, 58,  3,  8,  2,  1,  1,  7,  3,  3,  1,436, 16],
 [ 29,  1, 22,  7,  4, 31,  7, 18,  8, 21, 71, 29,  6,  0, 19,342]]



Whole data:
                    precision    recall  f1-score   support

         chinh-tri       0.84      0.69      0.76      3000
         cong-nghe       0.90      0.91      0.90      3000
          doi-song       0.62      0.53      0.57      3000
           du-lich       0.78      0.75      0.77      3000
          giai-tri       0.78      0.69      0.73      3000
          giao-duc       0.87      0.79      0.83      3000
          khoa-hoc       0.81      0.74      0.78      3000
        kinh-doanh       0.88      0.82      0.85      3000
       o-to-xe-may       0.93      0.77      0.84      3000
         phap-luat       0.91      0.89      0.90      3000
quan-su-quoc-phong       0.40      0.89      0.55      3000
          suc-khoe       0.82      0.79      0.80      3000
          the-gioi       0.79      0.74      0.76      3000
          the-thao       0.94      0.85      0.89      3000
           van-hoa       0.82      0.82      0.82      3000
            xa-hoi       0.76      0.67      0.71      3000

         micro avg       0.77      0.77      0.77     48000
         macro avg       0.80      0.77      0.78     48000
      weighted avg       0.80      0.77      0.78     48000
[[2056,   8,  16,   8,   7,  19,   9,  33,   3,  36, 619,   4,  35,   3,
    65,  79],
 [  15,2716,  17,  15,  11,  15,  48,  56,   8,   8,  12,   8,  30,  10,
    11,  20],
 [   4,  24,1598, 213,  75,  37,  64,  28,  28,  21, 534, 217,  23,  22,
    43,  69],
 [   4,   7, 106,2260,  49,  11,  53,  22,  12,  11, 242,  18,  71,  24,
    91,  19],
 [   1,   7,  94,  32,2067,   9,  17,   6,  15,   2, 533,  27,  23,  19,
   138,  10],
 [  21,  21, 104,  34,  27,2356,  41,   6,   9,  24, 198,  25,  18,  11,
    40,  65],
 [   4,  43,  91,  54,  30,  32,2231,  16,  29,   4, 299,  68,  57,  11,
    13,  18],
 [  36,  87,  74,  53,  16,  23,  15,2461,  13,  24,  74,  16,  48,  10,
     6,  44],
 [   0,  33,  85,  44,  37,   5,  28,  49,2321,   9, 310,  10,  25,   7,
    12,  25],
 [  50,   6,  31,  12,   8,  16,   5,  23,   6,2667,  44,  18,  15,   3,
     6,  90],
 [  47,  15,  13,   9,   9,   5,  16,   1,   9,   2,2680,   3, 161,   6,
     4,  20],
 [   7,   9,  98,  12,  31,  18,  92,   7,   2,  14, 199,2367,  20,   9,
     7, 108],
 [  44,  23,  90,  41,  34,  23,  70,  41,  17,   5, 316,  25,2223,  17,
    12,  19],
 [   5,  12,  31,  13,  42,   6,  13,   5,   6,   3, 250,   8,  26,2541,
    22,  17],
 [  40,  11,  68,  72, 183,  14,  28,   9,   5,   6,  28,   8,  14,   4,
  2467,  43],
 [ 108,   5,  43,  33,  10, 120,  26,  46,  14,  81, 336,  81,  23,   8,
    58,2008]]