Training data:
                    precision    recall  f1-score   support

         chinh-tri       0.95      0.79      0.86      2382
         cong-nghe       0.98      0.98      0.98      2389
          doi-song       0.94      0.87      0.91      2406
           du-lich       0.95      0.96      0.96      2394
          giai-tri       0.97      0.97      0.97      2401
          giao-duc       0.97      0.97      0.97      2412
          khoa-hoc       0.96      0.96      0.96      2434
        kinh-doanh       0.97      0.96      0.96      2415
       o-to-xe-may       0.99      0.98      0.99      2402
         phap-luat       0.98      0.98      0.98      2413
quan-su-quoc-phong       0.73      0.98      0.84      2387
          suc-khoe       0.94      0.96      0.95      2381
          the-gioi       0.96      0.94      0.95      2397
          the-thao       0.99      0.99      0.99      2393
           van-hoa       0.95      0.96      0.96      2409
            xa-hoi       0.94      0.85      0.89      2385

         micro avg       0.94      0.94      0.94     38400
         macro avg       0.95      0.94      0.94     38400
      weighted avg       0.95      0.94      0.94     38400
[[1881,   0,   3,   1,   1,   5,   2,   6,   0,   5, 428,   0,   3,   0,
    23,  24],
 [   1,2337,   0,   1,   2,   4,  16,  17,   0,   0,   1,   1,   4,   1,
     3,   1],
 [   7,   0,2090,  43,  13,   7,  15,  11,   1,   5, 105,  67,   6,   8,
     6,  22],
 [   3,   0,  15,2307,   7,   0,  11,   4,   4,   2,   4,   2,   6,   5,
    17,   7],
 [   1,   1,  10,   5,2335,   0,   4,   0,   1,   0,   1,   4,   6,   3,
    29,   1],
 [   5,   2,  11,   4,   3,2345,   8,   1,   1,   3,   5,   4,   3,   0,
     8,   9],
 [   2,   3,  13,   9,   2,   7,2334,   4,   7,   1,   8,  21,  15,   2,
     3,   3],
 [   8,  23,   9,   8,   1,   4,   4,2320,   9,   4,   3,   6,   8,   2,
     2,   4],
 [   0,   3,   6,   3,   2,   0,   3,   2,2365,   0,  12,   1,   1,   2,
     0,   2],
 [   6,   0,   0,   2,   2,   6,   2,  10,   4,2356,   5,   1,   1,   1,
     1,  16],
 [  17,   0,   3,   0,   0,   0,   2,   1,   0,   1,2328,   0,  30,   1,
     0,   4],
 [   0,   0,  18,   2,   1,   2,   6,   1,   2,   3,  19,2294,   2,   3,
     3,  25],
 [  12,   5,   9,  15,   7,   5,  12,  11,   2,   4,  56,   7,2244,   2,
     1,   5],
 [   1,   1,   5,   2,   3,   0,   0,   0,   0,   0,   8,   2,   0,2364,
     3,   4],
 [   7,   4,   9,  21,  29,   8,   4,   3,   0,   1,   0,   0,   4,   0,
  2315,   4],
 [  39,   1,  11,  10,   0,  32,   1,   6,   4,  19, 191,  29,   2,   0,
    14,2026]]



Testing data:
                    precision    recall  f1-score   support

         chinh-tri       0.80      0.66      0.72       618
         cong-nghe       0.91      0.91      0.91       611
          doi-song       0.65      0.58      0.62       594
           du-lich       0.80      0.83      0.82       606
          giai-tri       0.89      0.85      0.87       599
          giao-duc       0.87      0.88      0.88       588
          khoa-hoc       0.82      0.81      0.81       566
        kinh-doanh       0.85      0.82      0.84       585
       o-to-xe-may       0.94      0.94      0.94       598
         phap-luat       0.91      0.89      0.90       587
quan-su-quoc-phong       0.64      0.91      0.75       613
          suc-khoe       0.78      0.83      0.81       619
          the-gioi       0.82      0.74      0.78       603
          the-thao       0.94      0.95      0.95       607
           van-hoa       0.80      0.82      0.81       591
            xa-hoi       0.72      0.66      0.68       615

         micro avg       0.82      0.82      0.82      9600
         macro avg       0.82      0.82      0.82      9600
      weighted avg       0.82      0.82      0.82      9600
[[407,  2,  0,  3,  0,  4,  1,  6,  0, 11,125,  2,  6,  1, 21, 29],
 [  3,556,  2,  1,  1,  3, 10, 14,  3,  4,  4,  2,  2,  1,  5,  0],
 [  3,  5,345, 41, 10, 10, 22, 15,  5,  8, 30, 54, 10,  2, 10, 24],
 [  1,  0, 24,503,  8,  5,  9,  5,  3,  1,  5,  6,  8,  4, 18,  6],
 [  2,  1, 15,  6,510,  0,  2,  1,  1,  1,  3, 11,  3,  7, 35,  1],
 [  2,  3, 20,  4,  3,516,  8,  1,  0,  2,  1,  6,  2,  1,  6, 13],
 [  2, 15, 14,  9,  2,  7,460,  6,  3,  0,  8, 20, 14,  3,  1,  2],
 [ 14, 16, 10, 12,  2,  2,  4,482,  3,  6,  1,  4, 10,  3,  3, 13],
 [  1,  2,  6,  3,  0,  1,  5,  3,561,  0,  6,  0,  4,  1,  0,  5],
 [ 10,  1,  4,  1,  1,  4,  1, 12,  5,524,  3,  2,  1,  1,  1, 16],
 [ 12,  2,  3,  1,  0,  0,  2,  1,  0,  0,557,  1, 24,  0,  0, 10],
 [  2,  3, 36,  3,  2,  4, 12,  1,  0,  2,  9,516,  3,  2,  1, 23],
 [  6,  3, 13, 13,  6,  7, 18,  7,  3,  5, 53,  9,447,  4,  2,  7],
 [  2,  0,  0,  1,  2,  2,  3,  1,  4,  0,  6,  1,  3,579,  3,  0],
 [  8,  2, 18, 18, 28,  2,  5,  0,  0,  2,  4,  2,  4,  4,482, 12],
 [ 31,  2, 17,  8,  1, 24,  1,  9,  8, 13, 53, 24,  3,  0, 17,404]]



Whole data:
                    precision    recall  f1-score   support

         chinh-tri       0.92      0.76      0.83      3000
         cong-nghe       0.97      0.96      0.97      3000
          doi-song       0.89      0.81      0.85      3000
           du-lich       0.92      0.94      0.93      3000
          giai-tri       0.95      0.95      0.95      3000
          giao-duc       0.95      0.95      0.95      3000
          khoa-hoc       0.94      0.93      0.93      3000
        kinh-doanh       0.95      0.93      0.94      3000
       o-to-xe-may       0.98      0.98      0.98      3000
         phap-luat       0.97      0.96      0.96      3000
quan-su-quoc-phong       0.71      0.96      0.82      3000
          suc-khoe       0.91      0.94      0.92      3000
          the-gioi       0.93      0.90      0.92      3000
          the-thao       0.98      0.98      0.98      3000
           van-hoa       0.92      0.93      0.93      3000
            xa-hoi       0.89      0.81      0.85      3000

         micro avg       0.92      0.92      0.92     48000
         macro avg       0.92      0.92      0.92     48000
      weighted avg       0.92      0.92      0.92     48000
[[2288,   2,   3,   4,   1,   9,   3,  12,   0,  16, 553,   2,   9,   1,
    44,  53],
 [   4,2893,   2,   2,   3,   7,  26,  31,   3,   4,   5,   3,   6,   2,
     8,   1],
 [  10,   5,2435,  84,  23,  17,  37,  26,   6,  13, 135, 121,  16,  10,
    16,  46],
 [   4,   0,  39,2810,  15,   5,  20,   9,   7,   3,   9,   8,  14,   9,
    35,  13],
 [   3,   2,  25,  11,2845,   0,   6,   1,   2,   1,   4,  15,   9,  10,
    64,   2],
 [   7,   5,  31,   8,   6,2861,  16,   2,   1,   5,   6,  10,   5,   1,
    14,  22],
 [   4,  18,  27,  18,   4,  14,2794,  10,  10,   1,  16,  41,  29,   5,
     4,   5],
 [  22,  39,  19,  20,   3,   6,   8,2802,  12,  10,   4,  10,  18,   5,
     5,  17],
 [   1,   5,  12,   6,   2,   1,   8,   5,2926,   0,  18,   1,   5,   3,
     0,   7],
 [  16,   1,   4,   3,   3,  10,   3,  22,   9,2880,   8,   3,   2,   2,
     2,  32],
 [  29,   2,   6,   1,   0,   0,   4,   2,   0,   1,2885,   1,  54,   1,
     0,  14],
 [   2,   3,  54,   5,   3,   6,  18,   2,   2,   5,  28,2810,   5,   5,
     4,  48],
 [  18,   8,  22,  28,  13,  12,  30,  18,   5,   9, 109,  16,2691,   6,
     3,  12],
 [   3,   1,   5,   3,   5,   2,   3,   1,   4,   0,  14,   3,   3,2943,
     6,   4],
 [  15,   6,  27,  39,  57,  10,   9,   3,   0,   3,   4,   2,   8,   4,
  2797,  16],
 [  70,   3,  28,  18,   1,  56,   2,  15,  12,  32, 244,  53,   5,   0,
    31,2430]]