Training data:
                    precision    recall  f1-score   support

         chinh-tri       0.94      0.78      0.85      2382
         cong-nghe       0.98      0.98      0.98      2389
          doi-song       0.91      0.84      0.87      2406
           du-lich       0.93      0.94      0.93      2394
          giai-tri       0.95      0.92      0.94      2401
          giao-duc       0.96      0.95      0.95      2412
          khoa-hoc       0.95      0.93      0.94      2434
        kinh-doanh       0.97      0.95      0.96      2415
       o-to-xe-may       0.97      0.95      0.96      2402
         phap-luat       0.97      0.97      0.97      2413
quan-su-quoc-phong       0.66      0.96      0.78      2387
          suc-khoe       0.93      0.94      0.94      2381
          the-gioi       0.94      0.92      0.93      2397
          the-thao       0.98      0.97      0.97      2393
           van-hoa       0.94      0.95      0.95      2409
            xa-hoi       0.92      0.84      0.88      2385

         micro avg       0.92      0.92      0.92     38400
         macro avg       0.93      0.92      0.93     38400
      weighted avg       0.93      0.92      0.93     38400
[[1869,   0,   2,   2,   2,   6,   3,   6,   1,   4, 435,   0,   5,   1,
    21,  25],
 [   4,2338,   0,   1,   0,   3,  14,  15,   1,   0,   1,   1,   4,   1,
     4,   2],
 [   3,   1,2012,  63,  15,  15,  11,   7,  15,   7, 149,  64,   7,   7,
    13,  17],
 [   2,   0,  32,2242,   7,   4,  20,   5,   7,   2,  25,   3,  10,   4,
    21,  10],
 [   2,   5,  19,  11,2205,   3,   4,   2,   3,   1,  83,   5,   8,  10,
    35,   5],
 [   9,   4,  16,   7,   6,2289,  13,   4,   4,   3,  24,   7,   4,   2,
     4,  16],
 [   4,   5,  17,   9,   7,  11,2261,   3,  15,   1,  42,  28,  15,   4,
     6,   6],
 [   9,  19,  15,  14,   1,   7,   7,2302,   7,   4,   5,   6,   8,   3,
     2,   6],
 [   1,   8,  14,  11,   7,   3,   8,   3,2281,   4,  46,   3,   2,   5,
     0,   6],
 [   5,   0,   2,   3,   1,   6,   0,   7,   4,2348,  13,   1,   1,   0,
     3,  19],
 [  19,   2,   7,   1,   1,   1,   3,   3,   1,   1,2288,   0,  50,   0,
     3,   7],
 [   0,   0,  25,   1,   2,   5,  15,   0,   2,   6,  44,2240,   6,   6,
     3,  26],
 [  13,   6,  23,  12,   9,   5,  16,  12,   2,   2,  78,  11,2197,   2,
     2,   7],
 [   3,   1,   7,   4,   6,   2,   5,   0,   3,   0,  34,   3,   2,2314,
     5,   4],
 [   9,   4,  11,  13,  40,   5,   4,   3,   0,   1,   7,   1,   4,   1,
  2297,   9],
 [  39,   1,  15,  11,   2,  29,   2,   7,   4,  26, 202,  28,   3,   1,
    18,1997]]



Testing data:
                    precision    recall  f1-score   support

         chinh-tri       0.77      0.64      0.70       618
         cong-nghe       0.89      0.90      0.89       611
          doi-song       0.55      0.49      0.52       594
           du-lich       0.73      0.77      0.75       606
          giai-tri       0.75      0.72      0.74       599
          giao-duc       0.81      0.81      0.81       588
          khoa-hoc       0.73      0.72      0.72       566
        kinh-doanh       0.83      0.78      0.80       585
       o-to-xe-may       0.87      0.83      0.85       598
         phap-luat       0.88      0.85      0.87       587
quan-su-quoc-phong       0.54      0.83      0.66       613
          suc-khoe       0.76      0.78      0.77       619
          the-gioi       0.71      0.70      0.71       603
          the-thao       0.92      0.91      0.92       607
           van-hoa       0.75      0.76      0.76       591
            xa-hoi       0.67      0.59      0.63       615

         micro avg       0.75      0.75      0.75      9600
         macro avg       0.76      0.75      0.76      9600
      weighted avg       0.76      0.75      0.76      9600
[[398,  3,  2,  3,  1,  3,  4,  6,  1,  9,129,  2,  9,  1, 17, 30],
 [  1,549,  4,  3,  2,  3, 10, 15,  2,  2,  4,  2,  6,  1,  4,  3],
 [  4,  4,289, 56, 17, 22, 26,  8, 11,  8, 45, 56, 11,  7, 11, 19],
 [  1,  0, 27,465,  8,  4, 15,  5, 13,  2, 12,  2, 14,  6, 25,  7],
 [  2,  2, 25, 11,430,  4, 10,  6,  5,  1, 34, 10,  8,  6, 42,  3],
 [  6,  2, 23,  5,  7,477, 10,  1,  3,  5,  9, 10,  5,  1, 10, 14],
 [  3, 12, 20, 20,  9, 11,405,  6, 12,  0, 22, 16, 21,  2,  2,  5],
 [ 14, 22, 13, 16,  7,  6,  3,456,  5,  7,  4,  4, 10,  2,  1, 15],
 [  0,  6, 13,  6, 12,  2,  9,  6,498,  2, 18,  2,  7,  6,  2,  9],
 [ 15,  2,  9,  1,  0,  5,  3, 13,  5,501,  3,  2,  3,  0,  2, 23],
 [ 13,  2,  6,  2,  2,  2,  6,  2,  1,  0,507,  4, 53,  5,  1,  7],
 [  6,  2, 30,  8,  5,  7, 18,  4,  1,  4, 13,485,  8,  2,  2, 24],
 [  9,  7, 18, 15,  8,  5, 19, 10,  3,  4, 62,  8,420,  6,  2,  7],
 [  2,  0,  2,  4, 11,  2,  4,  1,  5,  2,  8,  1,  4,555,  4,  2],
 [  9,  2, 26, 15, 50,  7,  7,  0,  0,  0,  6,  3,  6,  2,448, 10],
 [ 34,  2, 16,  6,  2, 32,  3, 13,  8, 21, 59, 29,  3,  2, 22,363]]



Whole data:
                    precision    recall  f1-score   support

         chinh-tri       0.90      0.76      0.82      3000
         cong-nghe       0.96      0.96      0.96      3000
          doi-song       0.84      0.77      0.80      3000
           du-lich       0.89      0.90      0.90      3000
          giai-tri       0.91      0.88      0.90      3000
          giao-duc       0.93      0.92      0.92      3000
          khoa-hoc       0.91      0.89      0.90      3000
        kinh-doanh       0.94      0.92      0.93      3000
       o-to-xe-may       0.95      0.93      0.94      3000
         phap-luat       0.96      0.95      0.95      3000
quan-su-quoc-phong       0.63      0.93      0.75      3000
          suc-khoe       0.90      0.91      0.90      3000
          the-gioi       0.90      0.87      0.89      3000
          the-thao       0.97      0.96      0.96      3000
           van-hoa       0.91      0.92      0.91      3000
            xa-hoi       0.87      0.79      0.83      3000

         micro avg       0.89      0.89      0.89     48000
         macro avg       0.90      0.89      0.89     48000
      weighted avg       0.90      0.89      0.89     48000
[[2267,   3,   4,   5,   3,   9,   7,  12,   2,  13, 564,   2,  14,   2,
    38,  55],
 [   5,2887,   4,   4,   2,   6,  24,  30,   3,   2,   5,   3,  10,   2,
     8,   5],
 [   7,   5,2301, 119,  32,  37,  37,  15,  26,  15, 194, 120,  18,  14,
    24,  36],
 [   3,   0,  59,2707,  15,   8,  35,  10,  20,   4,  37,   5,  24,  10,
    46,  17],
 [   4,   7,  44,  22,2635,   7,  14,   8,   8,   2, 117,  15,  16,  16,
    77,   8],
 [  15,   6,  39,  12,  13,2766,  23,   5,   7,   8,  33,  17,   9,   3,
    14,  30],
 [   7,  17,  37,  29,  16,  22,2666,   9,  27,   1,  64,  44,  36,   6,
     8,  11],
 [  23,  41,  28,  30,   8,  13,  10,2758,  12,  11,   9,  10,  18,   5,
     3,  21],
 [   1,  14,  27,  17,  19,   5,  17,   9,2779,   6,  64,   5,   9,  11,
     2,  15],
 [  20,   2,  11,   4,   1,  11,   3,  20,   9,2849,  16,   3,   4,   0,
     5,  42],
 [  32,   4,  13,   3,   3,   3,   9,   5,   2,   1,2795,   4, 103,   5,
     4,  14],
 [   6,   2,  55,   9,   7,  12,  33,   4,   3,  10,  57,2725,  14,   8,
     5,  50],
 [  22,  13,  41,  27,  17,  10,  35,  22,   5,   6, 140,  19,2617,   8,
     4,  14],
 [   5,   1,   9,   8,  17,   4,   9,   1,   8,   2,  42,   4,   6,2869,
     9,   6],
 [  18,   6,  37,  28,  90,  12,  11,   3,   0,   1,  13,   4,  10,   3,
  2745,  19],
 [  73,   3,  31,  17,   4,  61,   5,  20,  12,  47, 261,  57,   6,   3,
    40,2360]]